[array([[[2496, 3339]],

       [[2560, 3396]],

       [[2624, 3428]],

       [[2651, 3456]],

       [[2688, 3496]],

       [[2715, 3520]],

       [[2752, 3552]],

       [[2816, 3564]],

       [[2816, 3563]],

       [[2816, 3562]],

       [[2816, 3561]],

       [[2816, 3560]],

       [[2816, 3559]],

       [[2816, 3558]],

       [[2816, 3557]],

       [[2828, 3520]],

       [[2816, 3499]],

       [[2780, 3456]],

       [[2752, 3411]],

       [[2716, 3392]],

       [[2688, 3371]],

       [[2624, 3343]],

       [[2560, 3331]]]), array([[[ 768, 3059]],

       [[ 704, 3123]],

       [[ 699, 3136]],

       [[ 663, 3200]],

       [[ 640, 3245]],

       [[ 635, 3264]],

       [[ 615, 3328]],

       [[ 640, 3364]],

       [[ 704, 3356]],

       [[ 720, 3328]],

       [[ 744, 3264]],

       [[ 768, 3220]],

       [[ 776, 3200]],

       [[ 796, 3136]],

       [[ 832, 3076]],

       [[ 840, 3072]],

       [[ 832, 3051]]]), array([[[1687, 2688]],

       [[1723, 2752]],

       [[1728, 2760]],

       [[1787, 2816]],

       [[1792, 2822]],

       [[1856, 2844]],

       [[1880, 2816]],

       [[1856, 2771]],

       [[1840, 2752]],

       [[1800, 2688]],

       [[1792, 2674]],

       [[1728, 2631]]]), array([[[1728, 1831]],

       [[1728, 1908]],

       [[1771, 1920]],

       [[1772, 1920]],

       [[1773, 1920]],

       [[1774, 1920]],

       [[1775, 1920]],

       [[1776, 1920]],

       [[1777, 1920]],

       [[1778, 1920]],

       [[1779, 1920]],

       [[1780, 1920]],

       [[1781, 1920]],

       [[1782, 1920]],

       [[1783, 1920]],

       [[1784, 1920]],

       [[1785, 1920]],

       [[1786, 1920]],

       [[1792, 1932]],

       [[1856, 1968]],

       [[1920, 1940]],

       [[1932, 1920]],

       [[1920, 1898]],

       [[1856, 1867]],

       [[1852, 1856]],

       [[1792, 1827]]]), array([[[2771, 1408]],

       [[2688, 1443]],

       [[2655, 1472]],

       [[2688, 1504]],

       [[2752, 1500]],

       [[2816, 1496]],

       [[2880, 1476]],

       [[2884, 1472]],

       [[2884, 1408]],

       [[2880, 1403]],

       [[2816, 1383]]]), array([[[ 384, 1179]],

       [[ 363, 1280]],

       [[ 364, 1280]],

       [[ 365, 1280]],

       [[ 366, 1280]],

       [[ 367, 1280]],

       [[ 368, 1280]],

       [[ 369, 1280]],

       [[ 370, 1280]],

       [[ 371, 1280]],

       [[ 372, 1280]],

       [[ 373, 1280]],

       [[ 374, 1280]],

       [[ 375, 1280]],

       [[ 376, 1280]],

       [[ 377, 1280]],

       [[ 378, 1280]],

       [[ 379, 1280]],

       [[ 380, 1280]],

       [[ 381, 1280]],

       [[ 382, 1280]],

       [[ 383, 1280]],

       [[ 384, 1280]],

       [[ 385, 1280]],

       [[ 386, 1280]],

       [[ 387, 1280]],

       [[ 388, 1280]],

       [[ 389, 1280]],

       [[ 390, 1280]],

       [[ 391, 1280]],

       [[ 392, 1280]],

       [[ 393, 1280]],

       [[ 394, 1280]],

       [[ 395, 1280]],

       [[ 396, 1280]],

       [[ 397, 1280]],

       [[ 398, 1280]],

       [[ 399, 1280]],

       [[ 400, 1280]],

       [[ 401, 1280]],

       [[ 402, 1280]],

       [[ 403, 1280]],

       [[ 404, 1280]],

       [[ 405, 1280]],

       [[ 406, 1280]],

       [[ 407, 1280]],

       [[ 408, 1280]],

       [[ 409, 1280]],

       [[ 410, 1280]],

       [[ 411, 1280]],

       [[ 412, 1280]],

       [[ 448, 1272]],

       [[ 459, 1280]],

       [[ 460, 1280]],

       [[ 461, 1280]],

       [[ 462, 1280]],

       [[ 463, 1280]],

       [[ 464, 1280]],

       [[ 465, 1280]],

       [[ 466, 1280]],

       [[ 467, 1280]],

       [[ 468, 1280]],

       [[ 469, 1280]],

       [[ 470, 1280]],

       [[ 471, 1280]],

       [[ 472, 1280]],

       [[ 473, 1280]],

       [[ 474, 1280]],

       [[ 512, 1300]],

       [[ 576, 1324]],

       [[ 640, 1320]],

       [[ 640, 1283]],

       [[ 636, 1280]],

       [[ 576, 1251]],

       [[ 524, 1216]],

       [[ 512, 1211]],

       [[ 448, 1183]]]), array([[[1691,  704]],

       [[1600,  755]],

       [[1595,  768]],

       [[1567,  832]],

       [[1600,  868]],

       [[1664,  836]],

       [[1668,  832]],

       [[1728,  788]],

       [[1756,  768]],

       [[1732,  704]],

       [[1728,  703]]]), array([[[299,   0]],

       [[315,  64]],

       [[316,  64]],

       [[317,  64]],

       [[318,  64]],

       [[319,  64]],

       [[320,  64]],

       [[321,  64]],

       [[322,  64]],

       [[384, 116]],

       [[403, 128]],

       [[404, 128]],

       [[405, 128]],

       [[406, 128]],

       [[407, 128]],

       [[408, 128]],

       [[409, 128]],

       [[410, 128]],

       [[411, 128]],

       [[412, 128]],

       [[413, 128]],

       [[414, 128]],

       [[415, 128]],

       [[416, 128]],

       [[417, 128]],

       [[418, 128]],

       [[419, 128]],

       [[420, 128]],

       [[421, 128]],

       [[422, 128]],

       [[423, 128]],

       [[424, 128]],

       [[425, 128]],

       [[426, 128]],

       [[427, 128]],

       [[428, 128]],

       [[429, 128]],

       [[430, 128]],

       [[431, 128]],

       [[432, 128]],

       [[433, 128]],

       [[434, 128]],

       [[435, 128]],

       [[436, 128]],

       [[448, 116]],

       [[448,  75]],

       [[444,  64]],

       [[384,  35]],

       [[364,   0]],

       [[363,   0]],

       [[362,   0]],

       [[361,   0]],

       [[360,   0]],

       [[359,   0]],

       [[358,   0]],

       [[357,   0]],

       [[356,   0]],

       [[355,   0]],

       [[354,   0]],

       [[353,   0]],

       [[352,   0]],

       [[351,   0]],

       [[350,   0]],

       [[349,   0]],

       [[348,   0]],

       [[347,   0]],

       [[346,   0]],

       [[345,   0]],

       [[344,   0]],

       [[343,   0]],

       [[342,   0]],

       [[341,   0]],

       [[340,   0]],

       [[339,   0]],

       [[338,   0]],

       [[337,   0]],

       [[336,   0]],

       [[335,   0]],

       [[334,   0]],

       [[333,   0]],

       [[332,   0]],

       [[331,   0]],

       [[330,   0]],

       [[329,   0]],

       [[328,   0]],

       [[327,   0]],

       [[326,   0]],

       [[325,   0]],

       [[324,   0]],

       [[323,   0]],

       [[322,   0]],

       [[321,   0]],

       [[320,   0]],

       [[319,   0]],

       [[318,   0]],

       [[317,   0]],

       [[316,   0]],

       [[315,   0]],

       [[314,   0]],

       [[313,   0]],

       [[312,   0]],

       [[311,   0]],

       [[310,   0]],

       [[309,   0]],

       [[308,   0]],

       [[307,   0]],

       [[306,   0]],

       [[305,   0]],

       [[304,   0]],

       [[303,   0]],

       [[302,   0]],

       [[301,   0]],

       [[300,   0]]])]